# ============================================
# CUSTOMER SETS - Suffolk, Virginia
# ============================================
# Defines which customers require delivery in each instance
# Total available customers: 104 (customers 1-104)
# Instances: 21-40 (instance values used in implementation)
# ============================================

# Instance 21: 25 customers
if (instance = 21) then {
    let K := {3, 6, 7, 9, 17, 19, 20, 24, 37, 43, 44, 52, 55, 66, 67, 68, 69, 74, 76, 77, 81, 82, 86, 91, 99};
}

# Instance 22: 29 customers
if (instance = 22) then {
    let K := {2, 3, 6, 9, 11, 15, 17, 23, 24, 26, 30, 32, 40, 43, 44, 50, 51, 52, 64, 66, 67, 68, 70, 78, 79, 83, 85, 86, 94};
}

# Instance 23: 27 customers
if (instance = 23) then {
    let K := {4, 8, 11, 13, 15, 16, 19, 20, 21, 26, 30, 37, 38, 40, 47, 51, 60, 62, 66, 69, 74, 87, 91, 96, 98, 99, 101};
}

# Instance 24: 30 customers
if (instance = 24) then {
    let K := {3, 4, 5, 7, 11, 14, 16, 20, 23, 24, 26, 34, 44, 46, 47, 55, 57, 58, 59, 60, 61, 63, 64, 74, 80, 88, 91, 92, 96, 99};
}

# Instance 25: 24 customers
if (instance = 25) then {
    let K := {16, 21, 25, 27, 38, 47, 49, 52, 53, 56, 61, 67, 70, 72, 75, 82, 85, 87, 90, 93, 96, 98, 99, 100};
}

# Instance 26: 48 customers
if (instance = 26) then {
    let K := {3, 5, 7, 9, 10, 11, 12, 16, 17, 18, 19, 29, 32, 34, 35, 36, 37, 38, 39, 42, 43, 45, 47, 51, 52, 53, 56, 61, 64, 66, 69, 70, 71, 72, 73, 74, 76, 78, 81, 83, 85, 90, 92, 93, 94, 95, 99, 100};
}

# Instance 27: 61 customers
if (instance = 27) then {
    let K := {2, 3, 4, 6, 7, 9, 11, 14, 15, 17, 18, 21, 22, 23, 24, 25, 26, 28, 29, 30, 31, 32, 33, 34, 36, 37, 38, 40, 41, 43, 44, 45, 46, 50, 51, 52, 53, 57, 59, 61, 63, 65, 67, 72, 76, 78, 79, 82, 84, 86, 88, 89, 91, 94, 95, 96, 97, 98, 100, 102, 103};
}

# Instance 28: 45 customers
if (instance = 28) then {
    let K := {1, 2, 4, 6, 7, 9, 12, 14, 15, 21, 22, 23, 26, 31, 32, 34, 37, 38, 39, 42, 50, 52, 54, 57, 59, 60, 62, 63, 66, 70, 78, 80, 81, 83, 85, 87, 88, 90, 92, 93, 95, 96, 97, 99, 104};
}

# Instance 29: 52 customers
if (instance = 29) then {
    let K := {3, 4, 7, 8, 12, 15, 19, 21, 22, 30, 31, 32, 33, 35, 37, 41, 42, 44, 45, 46, 47, 50, 51, 53, 54, 55, 57, 60, 66, 67, 68, 71, 72, 73, 74, 75, 77, 78, 79, 81, 82, 84, 87, 88, 89, 90, 92, 94, 95, 97, 100, 101};
}

# Instance 30: 49 customers
if (instance = 30) then {
    let K := {5, 6, 7, 8, 9, 10, 11, 12, 13, 14, 18, 23, 24, 25, 29, 31, 33, 36, 38, 39, 41, 42, 45, 46, 47, 49, 51, 53, 54, 55, 56, 59, 63, 66, 67, 68, 70, 78, 79, 80, 83, 85, 86, 87, 88, 90, 94, 102, 103};
}

# Instance 31: 74 customers
if (instance = 31) then {
    let K := {1, 2, 3, 4, 5, 7, 8, 9, 11, 13, 14, 15, 17, 18, 20, 21, 22, 23, 24, 25, 26, 27, 28, 29, 30, 32, 35, 36, 38, 39, 40, 41, 42, 43, 46, 47, 48, 50, 51, 52, 53, 54, 55, 57, 58, 61, 62, 65, 66, 68, 70, 71, 72, 74, 75, 76, 77, 78, 80, 81, 82, 83, 84, 85, 86, 89, 91, 93, 96, 97, 98, 100, 101, 102, 103};
}

# Instance 32: 78 customers
if (instance = 32) then {
    let K := {1, 3, 5, 6, 7, 8, 9, 10, 11, 13, 14, 15, 18, 19, 20, 21, 22, 25, 26, 27, 30, 32, 33, 34, 36, 37, 38, 40, 43, 44, 46, 47, 49, 50, 51, 53, 54, 55, 56, 57, 58, 59, 60, 62, 63, 64, 66, 67, 68, 69, 71, 72, 73, 74, 75, 76, 77, 79, 81, 83, 84, 85, 86, 87, 88, 89, 90, 92, 93, 94, 95, 96, 98, 100, 101, 102, 103, 104};
}

# Instance 33: 74 customers
if (instance = 33) then {
    let K := {1, 2, 3, 6, 7, 8, 9, 10, 11, 12, 13, 14, 15, 16, 17, 18, 19, 20, 22, 23, 24, 26, 27, 28, 29, 30, 31, 32, 34, 38, 39, 40, 41, 42, 44, 45, 46, 47, 49, 52, 54, 55, 57, 61, 62, 67, 68, 69, 70, 71, 73, 74, 75, 77, 78, 80, 81, 83, 84, 86, 87, 88, 90, 91, 94, 95, 96, 97, 98, 99, 100, 101, 103, 104};
}

# Instance 34: 86 customers
if (instance = 34) then {
    let K := {1, 2, 4, 6, 8, 9, 10, 11, 12, 13, 14, 15, 16, 17, 18, 19, 21, 22, 23, 24, 25, 27, 28, 29, 30, 31, 34, 35, 36, 37, 38, 39, 40, 41, 42, 43, 44, 45, 47, 48, 49, 50, 51, 53, 54, 55, 56, 57, 58, 59, 61, 62, 63, 64, 65, 66, 67, 68, 71, 72, 73, 74, 75, 76, 77, 78, 79, 81, 82, 84, 85, 86, 87, 89, 90, 91, 92, 93, 95, 96, 97, 98, 99, 100, 101, 103};
}

# Instance 35: 67 customers
if (instance = 35) then {
    let K := {3, 4, 5, 7, 8, 12, 14, 15, 16, 19, 20, 21, 22, 23, 24, 25, 26, 27, 28, 29, 31, 32, 33, 35, 36, 37, 38, 39, 41, 43, 44, 45, 46, 47, 52, 54, 55, 56, 57, 59, 60, 61, 62, 63, 64, 66, 67, 68, 72, 73, 74, 77, 79, 80, 81, 82, 84, 85, 87, 89, 90, 92, 93, 97, 98, 100, 103};
}

# Instance 36: 95 customers
if (instance = 36) then {
    let K := {1, 2, 3, 4, 5, 7, 8, 9, 10, 11, 12, 13, 14, 15, 16, 17, 18, 19, 20, 21, 22, 23, 24, 25, 26, 27, 28, 29, 30, 32, 34, 35, 36, 37, 38, 39, 40, 41, 42, 43, 44, 46, 47, 48, 50, 51, 52, 53, 54, 55, 56, 57, 58, 59, 60, 61, 62, 63, 64, 65, 66, 67, 68, 70, 72, 73, 74, 75, 76, 77, 78, 79, 80, 81, 82, 83, 84, 85, 86, 87, 89, 90, 91, 92, 94, 95, 96, 97, 98, 99, 100, 101, 102, 103, 104};
}

# Instance 37: 98 customers
if (instance = 37) then {
    let K := {1, 2, 3, 4, 5, 6, 7, 8, 9, 10, 11, 12, 13, 14, 15, 16, 17, 18, 19, 20, 21, 22, 23, 24, 25, 26, 27, 28, 29, 30, 31, 32, 33, 34, 35, 36, 37, 38, 39, 40, 41, 43, 45, 46, 47, 48, 49, 50, 51, 52, 53, 54, 55, 56, 57, 58, 59, 61, 62, 63, 64, 65, 66, 67, 68, 69, 70, 71, 72, 73, 74, 75, 76, 78, 79, 81, 82, 83, 84, 85, 86, 87, 88, 89, 90, 91, 92, 93, 94, 96, 97, 98, 99, 100, 101, 102, 103, 104};
}

# Instance 38: 96 customers
if (instance = 38) then {
    let K := {1, 2, 3, 4, 5, 6, 7, 8, 9, 10, 11, 12, 13, 14, 15, 16, 17, 18, 19, 20, 21, 22, 23, 24, 26, 27, 28, 29, 30, 31, 32, 33, 35, 36, 37, 38, 40, 41, 42, 43, 44, 45, 46, 47, 48, 49, 50, 51, 53, 54, 55, 56, 57, 58, 59, 60, 61, 62, 63, 64, 65, 66, 67, 68, 69, 71, 72, 73, 74, 75, 76, 77, 78, 79, 81, 82, 83, 84, 85, 86, 88, 89, 90, 91, 93, 94, 95, 96, 97, 98, 99, 100, 101, 102, 103, 104};
}

# Instance 39: 101 customers
if (instance = 39) then {
    let K := {1, 2, 3, 4, 5, 6, 7, 8, 9, 10, 11, 12, 14, 15, 16, 17, 18, 19, 20, 21, 22, 23, 24, 25, 26, 27, 28, 29, 30, 31, 32, 33, 34, 35, 36, 37, 38, 39, 40, 41, 42, 43, 44, 45, 46, 47, 48, 49, 50, 51, 52, 53, 54, 55, 56, 57, 58, 59, 60, 61, 62, 63, 65, 67, 68, 69, 70, 71, 72, 73, 74, 75, 76, 77, 78, 79, 80, 81, 82, 83, 84, 85, 86, 87, 88, 89, 90, 91, 92, 93, 94, 95, 96, 97, 98, 99, 100, 101, 102, 103, 104};
}

# Instance 40: 97 customers
if (instance = 40) then {
    let K := {1, 2, 3, 4, 5, 6, 7, 8, 9, 10, 11, 12, 13, 14, 15, 16, 17, 18, 19, 20, 21, 22, 23, 24, 26, 27, 28, 29, 30, 31, 32, 33, 34, 36, 37, 38, 39, 41, 42, 43, 44, 46, 47, 48, 49, 50, 51, 52, 53, 54, 55, 56, 57, 58, 59, 61, 62, 63, 64, 65, 66, 67, 68, 69, 70, 71, 72, 73, 74, 75, 77, 78, 79, 81, 82, 83, 84, 85, 86, 87, 88, 89, 90, 91, 92, 93, 94, 95, 96, 97, 98, 99, 100, 101, 102, 103, 104};
}