#Customer ID, Y Coordinate, X Coordinate, Length of Private Driveway in a single Direction (Feet)
1	-76.63497639	36.78413782	68.4001007
2	-76.63507741	36.78396861	74.3955994
3	-76.63520115	36.78374171	80.9792023
4	-76.63529767	36.7834754	80.7848969
5	-76.63543543	36.78316825	73.8003998
6	-76.63554215	36.78297147	77.1703033
7	-76.63565532	36.7826963	75.3284988
8	-76.63446045	36.78402011	92.0267029
9	-76.63461267	36.783801	74.992897
10	-76.63472988	36.78353631	76.1753006
11	-76.63486618	36.78321056	82.3490982
12	-76.635			36.78299487	69.209198
13	-76.635112		36.78260212	65.0973969
14	-76.63584258	36.78232608	109.1330032
15	-76.6353501		36.7821679	79.2020035
16	-76.63541358	36.78187394	79.8655014
17	-76.63485808	36.78209649	86.0018005
18	-76.63426922	36.78228617	55.2928009
19	-76.63464038	36.78265884	81.6492996
20	-76.63424021	36.78264236	74.6801987
21	-76.63593945	36.78169898	87.1063004
22	-76.63595042	36.78138604	92.3050995
23	-76.63597072	36.78116043	89.9309998
24	-76.63597152	36.78086877	105.1839981
25	-76.63543822	36.78156394	71.5346985
26	-76.63544008	36.78130371	74.2334976
27	-76.63541441	36.78098597	79.3632965
28	-76.63539882	36.7806979	81.4831009
29	-76.63482484	36.78186159	78.7216034
30	-76.63483833	36.78157745	86.2357025
31	-76.63485608	36.78135421	88.4300003
32	-76.63482181	36.78099753	81.8216019
33	-76.63482695	36.78076087	83.2627029
34	-76.63485001	36.78048194	89.4356995
35	-76.63429268	36.78195249	79.6042023
36	-76.6342948		36.78137999	77.3495026
37	-76.63429921	36.78111198	74.0944977
38	-76.63428603	36.78071785	77.268898
39	-76.63429384	36.78054182	75.9368973
40	-76.63437611	36.78007778	86.2556992
41	-76.63400609	36.78007638	86.9422989
42	-76.6336906		36.78007256	37.4075012
43	-76.63271643	36.78950428	44.9858017
44	-76.63250138	36.79007583	34.6780014
45	-76.63127594	36.78980538	35.4575996
46	-76.63086394	36.79019439	62.1015015
47	-76.6310749		36.79079811	46.1557999
48	-76.6304381		36.79099289	54.8848
49	-76.6301032		36.79145861	58.1467018
50	-76.64810285	36.79212863	67.2362976
51	-76.64876399	36.7966542	50.9147987
52	-76.64854122	36.79777737	32.2000008
53	-76.64618495	36.79584421	63.2981987
54	-76.64965774	36.79609213	62.4532013
55	-76.64698277	36.79187244	54.7538986
56	-76.64314143	36.79528785	32.2038994
57	-76.6424382		36.79406346	28.1842995
58	-76.64044871	36.79647579	26.8572998
59	-76.63993216	36.79580501	37.2748985
60	-76.63979693	36.79670573	92.7145996
61	-76.63938019	36.79625367	37.1758995
62	-76.64079324	36.79458561	63.8089981
63	-76.64009578	36.79481215	52.2156982
64	-76.63971889	36.79497346	95.3606033
65	-76.63941602	36.7953606	33.8530006
66	-76.6385238		36.79565442	64.447998
67	-76.64326362	36.79911528	59.6211014
68	-76.65130532	36.80103117	79.5730972
69	-76.65057228	36.80175953	76.6396027
70	-76.64794511	36.80260666	96.1384964
71	-76.64565546	36.80377038	23.4349003
72	-76.65459768	36.80165924	73.3308029
73	-76.65439197	36.80070748	63.3045998
74	-76.65603265	36.80106311	36.9859009
75	-76.65498641	36.79869499	41.1203995
76	-76.65377606	36.79792139	52.648201
77	-76.65483527	36.79668224	68.9679031
78	-76.63490908	36.78000758	61.7468987
79	-76.65866106	36.79166539	52.3846016
80	-76.65898167	36.79080239	43.6311989
81	-76.65837198	36.79259493	24.2514
82	-76.65762618	36.79354001	58.4071007
83	-76.65934		36.79500132	19.5499992
84	-76.65678017	36.79458965	54.9012985
85	-76.65741661	36.79401368	44.5167999
86	-76.65580112	36.79472103	43.5842018
87	-76.65317242	36.80634475	56.4771004
88	-76.63428536	36.78155379	82.3082962
89	-76.64893438	36.79715242	27.2031994
90	-76.6431007		36.78455121	53.6557999
91	-76.64318246	36.78376045	68.0821991
92	-76.64844995	36.79388601	48.1931992
93	-76.64481272	36.78245346	38.0477982
94	-76.65633595	36.80004245	57.6990013
95	-76.64388302	36.78197552	34.1472015
96	-76.64373491	36.78201512	43.3454018
97	-76.64361471	36.78205206	74.1998978
98	-76.65325873	36.79537307	50.4973984
99	-76.65415525	36.79578353	27.6406002
100	-76.65439885	36.79492441	22.9754009
101	-76.6475476		36.79850898	45.0940018
102	-76.64404223	36.78193522	70.5678024
103	-76.64169832	36.79431379	22.0261993
104	-76.65620607	36.79737681	24.6525993
;