#Customer ID, Y Coordinate, X Coordinate, Length of Private Driveway in a single Direction (Feet)
1	-81.85447025	36.88072441	15.2277594
2	-81.84569213	36.86969861	35.8203735
3	-81.85485822	36.88225014	74.0656052
4	-81.85757728	36.87322393	38.5394592
5	-81.84983299	36.87918929	39.5588226
6	-81.85656403	36.87402485	32.946167
7	-81.839977		36.87786136	40.5571404
8	-81.85842333	36.87339222	43.7976303
9	-81.84910135	36.87862546	41.3789711
10	-81.84865778	36.87826814	30.0475922
11	-81.84891549	36.87832382	37.1846085
12	-81.84793178	36.87868473	36.8066788
13	-81.84861246	36.87763537	42.0419922
14	-81.85098475	36.87901724	39.299057
15	-81.84146769	36.88071267	39.697628
16	-81.84072395	36.88143743	40.5072021
17	-81.85699043	36.87406353	31.8781548
18	-81.85670893	36.87380271	27.9507389
19	-81.85726151	36.87397674	28.537878
20	-81.85037361	36.87912656	36.9190559
21	-81.85030233	36.87872529	46.1854668
22	-81.84048791	36.87657417	51.860981
23	-81.85091793	36.87839291	36.1253166
24	-81.85362027	36.88031227	34.8624268
25	-81.85319338	36.87996654	37.290741
26	-81.84851087	36.87807027	89.3044662
27	-81.84762251	36.87734711	34.3477554
28	-81.84744063	36.87657851	61.7576447
29	-81.85392392	36.88065165	44.0076027
30	-81.84693421	36.87137003	57.4354134
31	-81.84549378	36.87135646	30.8529072
32	-81.84580984	36.87138216	35.5152092
33	-81.84644139	36.87517525	43.4266014
34	-81.85536554	36.88170861	48.3291664
35	-81.85385533	36.8814354	38.7806435
36	-81.85239719	36.88200698	32.4652519
37	-81.85295334	36.88077768	37.173912
38	-81.85316391	36.88075041	40.4817924
39	-81.85208636	36.88049276	37.9271164
40	-81.851472		36.87958074	40.0253334
41	-81.84945287	36.88141849	51.6687889
42	-81.85296614	36.88134218	39.1889076
43	-81.84659897	36.8738735	33.8222694
44	-81.84961738	36.87881495	50.360611
45	-81.83941843	36.87855437	46.5427933
46	-81.84809975	36.87754325	67.8283463
47	-81.84593734	36.87066192	69.4417114
48	-81.84065376	36.88061482	36.4567528
49	-81.85401924	36.88096621	48.2015457
50	-81.85386892	36.88220173	31.2744408
51	-81.84081151	36.88676942	45.1615028
52	-81.84196821	36.88614391	51.9869156
53	-81.84147985	36.8836906	78.1981583
54	-81.85389833	36.8828322	26.0370064
55	-81.85464522	36.88245077	33.8631706
56	-81.85426291	36.88294993	10.8933277
57	-81.83752417	36.88631329	42.4630928
58	-81.8422539		36.88500489	36.8088875
;